Amostra	PC1	PC2	PC3	PC4	PC5	PC6	PC7	PC8	PC9	PC10
B2Am001	-0.0410497	0.0625902	-0.0140062	-0.024144	0.0116364	0.0786845	0.0549737	-0.0874462	0.00750796	0.015838
B2Am002	-0.0403571	0.0622642	-0.0103221	-0.0189842	0.0151125	0.0747266	0.0493835	-0.0796565	0.0027626	0.00922087
B2Am003	-0.0396231	0.0641299	-0.00589546	-0.0147978	0.0247461	0.0761599	0.052112	-0.0833661	0.00300459	0.00538748
B2Am004	-0.0382611	0.0638835	-0.0105791	-0.0142283	0.0193228	0.0694375	0.0546281	-0.0700954	0.00273559	0.00668683
B2Am005	-0.0405251	0.0635853	-0.0145842	-0.0210404	0.0145593	0.0692936	0.0616736	-0.0689273	0.00842917	0.014366
B2Am006	-0.0402749	0.0607051	-0.0168883	-0.0221817	0.0170005	0.0783039	0.0504775	-0.0865865	0.0084283	0.0114783
B2Am007	-0.0400742	0.0591252	-0.0209407	-0.0227945	0.0131704	0.0656624	0.0577128	-0.0599276	0.00260917	0.00908189
B2Am008	-0.0395391	0.063671	-0.0109848	-0.0176103	0.0162019	0.0716326	0.0584293	-0.0774754	0.00488122	0.0139104
B2Am009	-0.0400785	0.0647362	-0.0109185	-0.01798	0.0167282	0.0873496	0.0510116	-0.113575	0.00305785	0.00913415
B2Am010	-0.0429524	0.0607489	-0.0107046	-0.0244969	0.0101407	0.0867085	0.0445202	-0.097564	0.00466485	0.0115261
B2Am011	-0.038579	0.0628951	-0.0169761	-0.0184601	0.0155147	0.0654198	0.0647366	-0.0657174	0.00313477	0.0106253
B2Am012	-0.0393973	0.0623147	-0.0149257	-0.0164521	0.0204193	0.0684644	0.0618993	-0.0691132	-0.0019629	0.00341878
B2Am013	-0.0396275	0.0647757	-0.00877977	-0.0164365	0.0201029	0.0796929	0.0468492	-0.0924532	0.000115942	0.00786478
B2Am014	-0.0414788	0.0611995	-0.00349933	-0.0114222	0.0135895	0.0843033	0.0367063	-0.10014	0.00265661	0.00691556
B2Am015	-0.0377324	0.0604222	-0.0187496	-0.0197479	0.0170484	0.0541303	0.0637095	-0.0369911	0.00206576	0.00641486
B2Am016	-0.0396302	0.0636043	-0.0163987	-0.0210885	0.0168693	0.0664664	0.0654837	-0.0632813	0.00260282	0.0110351
B2Am017	-0.0392288	0.0602528	-0.0180973	-0.0210062	0.0146207	0.0720825	0.0526238	-0.0742614	0.00417678	0.00876402
B2Am018	-0.0429217	0.0593441	-0.0100042	-0.0230413	0.0133289	0.087698	0.038354	-0.10151	0.00402141	0.00898584
B2Am019	-0.0396102	0.0631695	-0.0108243	-0.016207	0.015331	0.0718979	0.0552594	-0.0746385	-0.00130261	0.00561954
B2Am020	-0.0406044	0.062162	-0.0087267	-0.0144652	0.0257249	0.0833331	0.0461387	-0.0982437	0.00597005	0.0070491
B2Am021	-0.0382554	0.0616052	-0.0087699	-0.00940576	0.0255914	0.0719389	0.0500262	-0.0789908	-0.000466752	0.000643625
B2Am022	-0.0391995	0.063359	-0.00720505	-0.0135037	0.0141215	0.0754822	0.0417148	-0.0815178	0.00552551	0.0114927
B2Am023	-0.0413345	0.0616596	-0.011055	-0.0187631	0.0120556	0.0809786	0.0450453	-0.0915083	0.000350672	0.00747427
B2Am024	-0.0392008	0.0594245	-0.0113834	-0.0140555	0.0225563	0.0696982	0.048637	-0.0669698	0.00687713	0.00756005
B2Am025	-0.0389913	0.0637919	-0.0134827	-0.0180027	0.014958	0.0703394	0.0583412	-0.0746342	0.00368115	0.0109949
B2Am026	-0.0385217	0.0604404	-0.0156197	-0.0171085	0.018897	0.0683429	0.0486601	-0.0636776	0.0062972	0.00777649
B2Am027	-0.0387754	0.0607744	-0.0165343	-0.0174412	0.0213535	0.0623446	0.0576946	-0.0503487	0.00158802	0.00591041
B2Am028	-0.0398927	0.0595547	-0.0175115	-0.0198084	0.0168467	0.0760947	0.0513306	-0.0808475	0.00720552	0.00782581
B2Am029	-0.0401992	0.0617733	-0.0114048	-0.0178094	0.023655	0.0759931	0.0538482	-0.0782535	-0.00220463	0.00338365
B2Am030	-0.0387542	0.0601329	-0.0131172	-0.0171287	0.020111	0.0744048	0.0484081	-0.0761941	-0.0081038	-7.74762e-05
B2Am031	0.0902964	0.00895613	0.0969076	-0.123296	0.0178786	-0.0347052	-0.0164731	-0.00923697	0.0484291	0.0241648
B2Am032	0.0891878	0.00898203	0.0953424	-0.133675	0.0148856	-0.02876	-0.00134856	-0.00862563	-0.0041467	0.0833106
B2Am033	0.080058	0.0117436	0.0840473	-0.118286	0.0143916	-0.0317547	0.000759936	-0.00254856	-0.0584129	0.157762
B2Am034	0.0870252	0.00901525	0.0918588	-0.132141	0.0124842	-0.0263952	0.00593269	-0.00309966	-0.0759689	0.155569
B2Am035	0.0134338	0.04277	0.00768349	-0.0688934	0.0149619	-0.00840902	0.0813195	0.0406316	-0.0261641	0.0713549
B2Am036	0.0929914	0.00885989	0.0973251	-0.126436	0.0187418	-0.0299127	-0.0105679	-0.004766	-0.0989224	0.131119
B2Am037	0.0798236	0.0129296	0.0793471	-0.116751	0.0151468	-0.0249142	0.0136638	0.0039022	-0.0754676	0.143149
B2Am038	0.0451783	0.0268446	0.0469067	-0.10256	0.0114494	-0.0220956	0.0526698	0.0228906	0.0656311	-0.0781985
B2Am039	0.0835572	0.00997877	0.0932249	-0.140164	0.0127318	-0.0328403	0.0130741	-0.00813031	-0.00481851	-0.0580584
B2Am040	0.0908629	0.00769548	0.0964762	-0.137127	0.0154044	-0.0355111	4.62193e-05	-0.00171414	0.0417442	-0.0844185
B2Am041	0.0916022	0.00823818	0.0971333	-0.137739	0.0130935	-0.029144	0.00296537	-0.00220757	-0.0725768	0.00527163
B2Am042	0.0870023	0.00767499	0.0977372	-0.132931	0.0156479	-0.0346201	-0.00808618	-0.0101559	0.125174	-0.135812
B2Am043	0.0909426	0.00790824	0.100094	-0.142579	0.0157463	-0.0335259	-0.00136128	-0.00830907	0.0140563	-0.0879012
B2Am044	0.0922107	0.00760318	0.099978	-0.140871	0.0134595	-0.0332725	0.00819564	-0.00229184	-0.0770095	-0.0786667
B2Am045	0.0853765	0.00992812	0.0941562	-0.137959	0.0148314	-0.0337736	0.0111923	-0.000215925	-0.00636933	-0.0573453
B2Am046	0.0896696	0.00895199	0.0903601	-0.125452	0.0170136	-0.028354	0.00383635	-0.00107248	-0.0511737	0.0834722
B2Am047	0.0833239	0.00989108	0.0869292	-0.126235	0.0148552	-0.0292365	0.00596977	0.000487799	0.0403821	-0.0368218
B2Am048	0.0857664	0.00756597	0.0955915	-0.138557	0.0114047	-0.0305882	0.00795225	-0.00614637	0.0552545	-0.0359539
B2Am049	0.0877066	0.0102617	0.0940766	-0.129642	0.0155582	-0.0341623	-0.00337325	-0.00118443	0.0189174	0.0505936
B2Am050	0.0861957	0.00840832	0.0944483	-0.140643	0.013631	-0.0319579	0.0160157	-0.0034293	0.0238631	-0.0967478
B2Am051	0.078744	0.0110973	0.0828947	-0.126197	0.011616	-0.0242487	0.0140683	-0.000994176	0.00476464	0.015175
B2Am052	0.0833181	0.00918303	0.0896045	-0.138751	0.011283	-0.0338281	0.0190089	-0.00233237	0.0925957	-0.0862469
B2Am053	0.090944	0.00732438	0.0931741	-0.126485	0.0150975	-0.0297008	0.00174297	-0.00215061	-0.103816	0.0275047
B2Am054	0.0918638	0.00570705	0.0933109	-0.128921	0.0134654	-0.0275796	0.00173597	0.00347298	0.00751135	-0.0504286
B2Am055	0.0859648	0.00850788	0.0943546	-0.132953	0.0154621	-0.0330891	-0.000138672	-0.00876046	0.0981777	-0.0651134
B2Am056	0.0837932	0.00909347	0.091054	-0.128405	0.0111821	-0.0299408	0.00666914	-0.00139978	0.0019131	-0.0874538
B2Am057	0.0832476	0.0106125	0.090658	-0.125113	0.0154593	-0.0343441	-0.00280141	-0.00376128	0.0488633	0.0767215
B2Am058	-0.0250158	0.0569144	-0.106944	-0.0449855	-0.0176667	-0.0713328	-0.0483975	6.58402e-05	-0.00330344	8.60845e-06
B2Am059	-0.0253175	0.0564884	-0.111513	-0.0463669	-0.018609	-0.0788953	-0.0739004	-0.00907782	-0.000128434	0.00072008
B2Am060	-0.0251604	0.05666	-0.105311	-0.0446999	-0.0157334	-0.0712995	-0.0558522	-0.00384132	0.000505926	0.000764116
B2Am061	-0.024919	0.0560202	-0.110334	-0.0462992	-0.0182522	-0.0789787	-0.0681098	-0.0071445	-0.00159516	0.00046154
B2Am062	-0.0270608	0.0576017	-0.0954448	-0.0429268	-0.0103847	-0.0588118	-0.0232682	0.00794356	0.00114235	0.00465139
B2Am063	-0.0254829	0.0554405	-0.0977944	-0.0416469	-0.0140373	-0.0597965	-0.0253527	0.00607265	-0.00174673	0.00212863
B2Am064	-0.0252271	0.0564349	-0.109228	-0.0469749	-0.0173068	-0.0744622	-0.0583234	-0.00448228	-0.00302193	0.00134433
B2Am065	-0.0148258	0.0472973	-0.171183	-0.0594264	-0.0524	-0.167383	-0.340811	-0.104998	0.0012226	-0.0319872
B2Am066	-0.023585	0.0551629	-0.122408	-0.0499973	-0.0240972	-0.0947354	-0.104441	-0.0205718	-0.000822552	-0.00295763
B2Am067	-0.0244671	0.0539785	-0.107967	-0.0456949	-0.0194261	-0.0752591	-0.0548546	-0.00318292	-0.000576425	-0.0010546
B2Am068	-0.026004	0.0567414	-0.0976313	-0.0431924	-0.0125797	-0.0644929	-0.0320517	0.00915924	0.00050191	0.00349118
B2Am069	-0.0251709	0.0567772	-0.105342	-0.0446509	-0.0179469	-0.0711059	-0.0485046	0.00162387	-0.0021054	3.92483e-05
B2Am070	-0.0238175	0.054722	-0.111443	-0.0451759	-0.0204504	-0.0792695	-0.0599669	-0.00468324	-0.00319501	-0.00142817
B2Am071	-0.0246544	0.0555199	-0.10989	-0.0464699	-0.017575	-0.0784304	-0.0688128	-0.00627802	-0.000334751	-0.00118623
B2Am072	-0.0266976	0.0561409	-0.0953	-0.0430834	-0.0109996	-0.0569668	-0.0159899	0.0146881	0.00283748	0.00266789
B2Am073	-0.0255215	0.0568699	-0.105745	-0.0450011	-0.0163551	-0.0721184	-0.0579003	-0.00408881	-0.00251087	0.00195377
B2Am074	-0.0255016	0.0569208	-0.103563	-0.044494	-0.0164414	-0.0681153	-0.0437027	0.00290641	-0.000498393	-0.000146967
B2Am075	-0.0241889	0.057136	-0.115759	-0.0480535	-0.0191332	-0.0847817	-0.0864873	-0.0127656	-0.000867565	-0.00143972
B2Am076	-0.0234068	0.0544715	-0.112089	-0.0445189	-0.0204556	-0.0801409	-0.0720886	-0.00989388	-0.00484463	-0.00230594
B2Am077	-0.0245488	0.0578089	-0.114414	-0.0463748	-0.020925	-0.083476	-0.0807929	-0.00940618	-0.00153772	0.00126508
B2Am078	-0.0332104	0.0608984	-0.0466343	-0.0308165	0.0128127	0.00341589	0.109082	0.0546734	0.0028579	0.0134351
B2Am079	-0.0253	0.0537051	-0.0989386	-0.0421957	-0.0137153	-0.0650625	-0.0341175	0.00379713	-0.00225861	0.00305249
B2Am080	-0.0253781	0.0563394	-0.112472	-0.0482922	-0.0202017	-0.0819834	-0.0737385	-0.00585303	0.00231571	-0.00359026
B2Am081	-0.0237203	0.0564342	-0.113815	-0.0463535	-0.0192128	-0.0809813	-0.0729336	-0.00863121	-0.00134062	0.000185547
B2Am082	-0.0242717	0.0554894	-0.105537	-0.043027	-0.0171629	-0.0696199	-0.0513641	-0.00338361	-0.00114117	0.00133707
B2Am083	-0.0259613	0.0553006	-0.0959046	-0.0413686	-0.0126002	-0.0613797	-0.0249704	0.00923521	-0.00157247	0.00352592
B2Am084	-0.0234534	0.0553152	-0.114109	-0.0467795	-0.0206878	-0.0838876	-0.0771592	-0.00849717	-0.00116247	-0.00224889
B2Am085	-0.0239037	0.0558479	-0.115679	-0.0477322	-0.0211047	-0.0855088	-0.0919972	-0.0127174	0.00114955	0.00036657
B2Am086	-0.0232502	0.0528706	-0.109698	-0.04501	-0.0196996	-0.0762855	-0.0629518	-0.0028466	-0.00292758	-0.00200576
B2Am087	-0.0251995	0.0549943	-0.105271	-0.0445063	-0.0164438	-0.0735001	-0.0491855	0.00174718	-0.000468013	0.00135593
B2Am088	0.102572	-0.0591208	-0.0764717	0.0119257	-0.0481214	0.0779552	0.0223907	0.0187165	-0.107512	0.0780796
B2Am089	0.0958019	-0.0582168	-0.0734594	0.01327	-0.0443871	0.0598175	0.0192403	0.00972964	-0.113521	0.0604975
B2Am090	0.0955357	-0.0636868	-0.085556	0.0159185	-0.0531612	0.0731437	0.0300661	0.0135045	0.00870957	-0.0551833
B2Am091	0.112317	-0.0692773	-0.0788667	0.0263705	-0.046619	0.0747421	-0.0126278	0.00780136	0.101921	0.00978602
B2Am092	0.109417	-0.0679394	-0.0870001	0.0206516	-0.0529976	0.0825039	0.0203481	0.0212574	0.053613	0.0327075
B2Am093	0.103746	-0.0694651	-0.0868115	0.015313	-0.0543705	0.0792925	0.0220247	0.0139148	0.108636	-0.125708
B2Am094	0.09902	-0.057135	-0.0768262	0.0280263	-0.0398069	0.0669635	-0.00779225	0.0195389	0.0463568	0.0657926
B2Am095	0.10024	-0.0642772	-0.0827666	0.00848666	-0.0528674	0.0752322	0.0296335	0.0178789	0.088107	-0.0663329
B2Am096	0.103375	-0.0604394	-0.0749773	0.0164927	-0.0447932	0.0718174	0.0142596	0.0135343	-0.00335993	0.0415261
B2Am097	0.10545	-0.0647392	-0.0780899	0.0121993	-0.0493081	0.0750126	0.0142209	0.00975796	-0.0877356	0.157202
B2Am098	0.102835	-0.0609586	-0.0719102	0.00826979	-0.0438801	0.0650253	0.0172587	0.0106061	-0.0349866	-0.0394912
B2Am099	0.109812	-0.0653974	-0.0766804	0.0125671	-0.0499283	0.0765936	0.0118103	0.0130536	-0.130449	0.118271
B2Am100	0.101571	-0.0699696	-0.0852248	0.0153054	-0.0558187	0.0765117	0.011124	0.0087684	0.0923687	-0.131715
B2Am101	0.10198	-0.066198	-0.0804341	0.00945662	-0.0524313	0.072454	0.0229508	0.00873731	-0.0121582	-0.0327
B2Am102	0.109522	-0.0700839	-0.08112	0.0186021	-0.0515755	0.0756388	-0.00260613	0.00515863	0.0697407	-0.171975
B2Am103	0.105822	-0.0691545	-0.0812551	0.0148777	-0.0516178	0.0763376	0.00527744	0.00592828	0.0159188	-0.13639
B2Am104	0.111966	-0.0714937	-0.0854261	0.0144634	-0.0557258	0.0843207	0.0154908	0.0145005	0.00764906	-0.0390476
B2Am105	0.103541	-0.0626459	-0.0830188	0.0163817	-0.0515166	0.0765478	0.0165863	0.0118064	-0.0818204	0.101592
B2Am106	0.0947051	-0.0622713	-0.0819434	0.0180827	-0.0503467	0.0648782	0.02298	0.0108427	0.0610787	-0.0897207
B2Am107	0.110892	-0.0662405	-0.0762417	0.0176797	-0.0483897	0.0743159	0.00617075	0.0132466	-0.0722382	-0.0363336
B2Am108	0.103891	-0.0628589	-0.0788793	0.0118047	-0.0491874	0.0731469	0.0181858	0.0147539	-0.0553693	0.0636975
B2Am109	0.00352602	0.00968775	-0.0818913	-0.0115714	-0.0260186	0.0381343	0.103485	0.0474738	0.0110004	-0.01415
B2Am110	0.099704	-0.0624405	-0.0796646	0.0197639	-0.048107	0.0683032	0.0195803	0.0134936	-0.0444921	0.140573
B2Am111	0.104446	-0.0670515	-0.0781876	0.0159628	-0.0489712	0.0687038	0.0139304	0.00725637	0.0688142	-0.0988237
B2Am112	0.111683	-0.0709101	-0.086911	0.0212717	-0.055628	0.0828488	0.0118475	0.0142369	-0.0164746	-0.00987181
B2Am113	0.106143	-0.0680818	-0.0823608	0.0219222	-0.049165	0.0728301	0.00405297	0.0113591	0.106877	-0.116688
B2Am114	0.109549	-0.0646649	-0.0749176	0.0149486	-0.0457087	0.0741007	0.00810462	0.0115452	-0.0756243	0.171797
B2Am115	0.0190889	-0.0104455	-0.0952564	-0.0023336	-0.0430878	0.0575568	0.11277	0.0501993	0.00274238	-0.0333338
B2Am116	0.110499	-0.0689353	-0.0805597	0.0152927	-0.055187	0.0853909	0.0206948	0.0193127	-0.124841	0.0850358
B2Am117	0.107714	-0.0640237	-0.0754492	0.0240232	-0.041664	0.0681386	-0.00789301	0.0087742	0.111966	-0.0962814
B2Am118	-0.00626078	0.0708762	-0.0059061	0.0576486	0.054186	-0.0315812	0.0981562	0.0316661	0.0112829	-0.00545747
B2Am119	-0.00638391	0.0655919	-0.00532456	0.0578843	0.0599251	-0.0329881	0.0990666	0.0368093	-0.0100218	-0.0458104
B2Am120	-0.0077327	0.0638452	-0.0141586	0.0539413	0.0558083	-0.0302339	0.0937998	0.0234758	-0.0311549	-0.0468343
B2Am121	-0.00936891	0.0687973	0.00512582	0.0605485	0.053036	-0.0285299	0.0838385	0.0367404	0.00188518	-0.024242
B2Am122	-0.00549061	0.06849	0.00598008	0.0722462	0.0557297	-0.0342152	0.0899868	0.0297861	-0.0305628	-0.0404237
B2Am123	-0.00861665	0.0615353	-0.00676757	0.0513481	0.051584	-0.0271559	0.0904779	0.0348093	-0.0340335	-0.0477633
B2Am124	-0.00282454	0.0686158	-0.00268733	0.0634077	0.054832	-0.0395082	0.0940516	0.0440593	0.000775514	-0.0134461
B2Am125	-0.00144221	0.0700009	0.000364351	0.076838	0.0619033	-0.0393052	0.099533	0.0253716	0.0239254	-0.00890472
B2Am126	-0.00933985	0.0651325	-0.00814061	0.0472541	0.0426192	-0.0338471	0.0951266	0.0539967	0.00298437	-0.0177539
B2Am127	-0.00486771	0.0678196	-0.00581046	0.054022	0.0505895	-0.0340064	0.0915583	0.0410297	-0.0066725	-0.00363169
B2Am128	-0.00704606	0.069143	-0.00333723	0.0576219	0.0575645	-0.0301645	0.0908221	0.0252306	-0.0226031	-0.016764
B2Am129	-0.00855748	0.0673362	-0.0014311	0.049863	0.0480717	-0.0296244	0.0935369	0.0471392	0.0165282	-0.0163441
B2Am130	-0.0147464	0.0647923	-0.00672407	0.0406733	0.0486114	-0.0159048	0.0904993	0.0250864	-0.0366313	-0.0366006
B2Am131	-0.00890263	0.0707503	-0.00267707	0.0545763	0.052117	-0.0279135	0.0894348	0.0289232	0.00615934	-0.0104342
B2Am132	-0.00416822	0.0691168	-0.00554012	0.0623374	0.0633562	-0.0350203	0.0988325	0.0314729	0.00686563	-0.0258906
Am001	-0.0485299	-0.00188312	-0.00516761	-0.0175293	0.0186199	0.0152703	0.0229457	0.122277	-0.0154615	0.00852153
Am004	-0.0506637	-0.0116985	-0.00110804	-0.015121	0.0172653	0.0129331	0.0156693	0.120604	-0.012332	4.12915e-05
Am005	-0.0516747	-0.0109163	0.000361712	-0.0149895	0.0222417	0.0145311	0.01722	0.125556	0.0208578	0.0153577
Am006	-0.0485585	-0.0102779	-0.00475353	-0.0119557	0.0147318	0.00832484	0.0257962	0.100996	-0.0261799	-0.00280484
Am007	-0.0531833	-0.0366778	-0.000449691	-0.00990049	0.0132912	0.00961755	-0.0142497	0.154078	-0.00103033	0.0139824
Am008	-0.0552836	-0.0217753	0.0135546	-0.0116043	0.0216892	0.0131348	0.00456358	0.140441	0.0252346	0.0135522
Am009	-0.0519471	-0.00960655	0.00667284	-0.0122637	0.0180187	0.0180056	0.009817	0.109806	-0.0197349	-0.0039236
Am010	-0.0531592	-0.0153911	0.0034629	-0.0118889	0.0188737	0.0223146	-0.00167526	0.119731	0.00102074	-0.000862733
Am011	-0.053876	-0.028799	-0.00227018	-0.0142699	0.0193268	0.00823439	0.00846062	0.146087	0.0415804	0.0230345
Am012	-0.0512532	-0.0180576	-0.00781094	-0.016908	0.0183782	0.00727232	0.0249496	0.129713	0.0347879	0.0210779
Am014	-0.0499078	0.000141642	-0.00405881	-0.0181317	0.0216584	0.0144283	0.0340873	0.106815	-0.00595122	0.0077948
Am015	-0.0465264	0.00360416	-0.0132822	-0.0158947	0.0190663	0.00799118	0.0434954	0.107656	0.0136787	0.0091205
Am016	-0.0545434	-0.0156201	0.00476957	-0.0134334	0.0230261	0.016185	0.0122466	0.12158	0.0212204	0.0107545
Am017	-0.0510834	-0.0104828	-0.00225865	-0.0153118	0.0214111	0.0172199	0.0146147	0.116966	-0.00196531	0.00589398
Am018	-0.0521023	-0.0111158	0.00744997	-0.00925375	0.0203942	0.0208963	0.000268724	0.118729	-0.0397866	-0.0121023
Am019	-0.0546981	-0.030257	0.00989689	-0.00668087	0.0193871	0.00840931	-0.00199553	0.134347	0.00451601	0.00769738
Am020	-0.0544418	-0.0268111	0.00614272	-0.0115756	0.0184183	0.00615243	0.0146823	0.133504	0.043402	0.0184807
Am021	-0.0504205	-0.00713014	-0.00223786	-0.0166871	0.0209033	0.0139751	0.0172331	0.127192	0.00973589	0.0130268
Am022	-0.0493866	-0.00503211	-0.00569009	-0.0159678	0.0169815	0.0074371	0.0385304	0.108573	0.0249294	0.0148195
Am023	-0.0522935	-0.00927719	0.00325019	-0.0109338	0.020586	0.0202858	0.00880092	0.104572	-0.0162401	-0.00165928
Am024	-0.0509728	-0.0108527	0.00136677	-0.0100018	0.0217022	0.0070696	0.0258015	0.121071	0.00378128	0.00612596
Am025	-0.0503992	-0.00606669	0.00585832	-0.013703	0.0184576	0.0173096	0.00440641	0.13027	-0.0331304	-0.00665391
Am026	-0.0545543	-0.0218547	0.00823668	-0.0124418	0.0188551	0.0107368	0.00261902	0.155222	0.00500159	0.0253531
Am027	-0.0489956	-0.00094493	-0.00101665	-0.0147379	0.018028	0.0142504	0.025076	0.112376	-0.00983503	0.00306586
Am028	-0.0506188	-0.0126279	-0.00757528	-0.0173361	0.0188103	0.00708514	0.0328953	0.126336	0.0260822	0.018108
Am029	-0.0534193	-0.0199339	0.0122149	-0.00893029	0.0213566	0.0100924	0.0094442	0.128744	-0.00905671	-0.00094523
Am030	-0.0518182	-0.0183229	0.00460936	-0.010028	0.0187052	0.0124432	0.00629048	0.128719	-0.00787362	0.00457988
Am031	0.0737957	0.0232515	0.0289821	0.0860868	0.0577545	-0.0248904	-0.0336311	-0.0142585	-0.179569	0.0685534
Am032	0.0867369	0.0240493	0.0482337	0.114405	0.071798	-0.0390998	-0.0959465	-0.0192975	0.0366101	-0.130919
Am033	0.0618073	0.0291383	0.02083	0.0845982	0.0548598	-0.0332997	-0.0194121	-0.00791373	0.0457362	0.0280359
Am034	0.0654872	0.0220246	0.0069589	0.0801334	0.0624122	-0.0314542	0.00808852	-0.00527831	0.0198661	-0.0292736
Am035	0.0884531	0.0297813	0.0459134	0.140622	0.073986	-0.0485146	-0.117014	-0.0233068	0.169413	0.0969069
Am036	0.0826665	0.0183973	0.0252001	0.107234	0.0597871	-0.0432356	-0.0372783	-0.00299666	-0.0798517	-0.0121104
Am037	0.0954739	0.0193849	0.0358345	0.123419	0.0822484	-0.0348313	-0.0975344	-0.0469007	0.10385	-0.21652
Am038	0.0732221	0.0216225	0.0259864	0.106556	0.0602791	-0.0386716	-0.0652667	-0.0109426	-0.0220244	0.0716443
Am039	0.0772195	0.025412	0.0240425	0.0958931	0.0538535	-0.0320421	-0.0210622	0.00819653	0.0519044	0.0374386
Am040	0.052654	0.0282205	0.00470659	0.0611059	0.0484969	-0.0267218	0.0174874	0.0156485	-0.0687889	0.0537851
Am041	0.0290525	0.0663377	0.0420625	0.1503	0.0896695	-0.0697938	0.0241322	0.00769988	-0.0585722	-0.0667969
Am042	0.09445	0.0244156	0.0261744	0.131475	0.0771335	-0.0459869	-0.0680938	-0.0237606	-0.0322386	0.23816
Am043	0.0906814	0.0144184	0.033304	0.111961	0.0600347	-0.0472893	-0.0604509	-0.00146898	0.0750795	-0.167008
Am044	0.0635733	0.0235111	0.0191992	0.0784252	0.0607377	-0.0298573	-0.0291928	-0.0120902	-0.00685628	-0.0497842
Am045	0.0421651	0.0344862	0.00797882	0.0576166	0.0525866	-0.0255852	0.0224871	0.011386	0.0677292	-0.0752277
Am046	0.0919827	0.0248667	0.0385508	0.127507	0.071451	-0.0462465	-0.0944378	-0.0206394	-0.068493	0.233468
Am047	0.0905759	0.027425	0.0341152	0.125242	0.0713983	-0.0423292	-0.0955758	-0.0272646	0.131232	0.129781
Am048	0.0866932	0.0241687	0.0346402	0.103189	0.080516	-0.0358238	-0.0673649	-0.0569975	-0.0198471	-0.0649357
Am049	0.077974	0.0192989	0.0213466	0.100755	0.072675	-0.0415933	-0.0368425	-0.0302143	-0.202999	0.0184864
Am050	0.0837839	0.0278266	0.0302542	0.120346	0.0769161	-0.0394309	-0.0691979	-0.00910353	0.167339	0.0955601
Am051	0.0167994	0.0717667	0.0419431	0.151215	0.100388	-0.0643176	0.0572986	0.0110504	-0.0195882	-0.130324
Am053	0.0710938	0.0224647	0.0194357	0.0866149	0.0562034	-0.0328304	-0.00704072	0.00907587	0.045335	-0.0415836
Am054	0.0600127	0.0310985	0.0345643	0.0829179	0.057895	-0.0220047	-0.0357062	-0.0118529	-0.0450161	-0.013791
Am055	0.016718	0.0745302	0.0424659	0.140309	0.0827717	-0.0696639	0.0465821	0.025568	-0.0122644	-0.0430661
Am056	0.00876679	0.0706206	0.0314471	0.117378	0.0728766	-0.0472681	0.0331798	0.0134418	-0.0333116	-0.0526278
Am057	0.0733356	0.0267569	0.0317588	0.0891214	0.0610178	-0.0289732	-0.0460348	-0.0208464	-0.147518	0.0959757
Am058	0.0804262	0.0255986	0.0282923	0.109044	0.0717521	-0.0347647	-0.0478266	-0.0198654	0.0204872	0.0150423
Am059	0.0837412	0.018318	0.0273094	0.0964239	0.0655772	-0.0327591	-0.0337387	-0.00532791	0.0862677	-0.0930811
Am060	0.0846541	0.0201787	0.0250675	0.0971318	0.0499851	-0.0278846	-0.057752	-0.0113616	-0.05138	0.0815082
Am061	-0.0546569	-0.14429	0.0140427	0.0155474	0.00215239	-0.0847171	0.0202566	-0.067521	0.0434091	0.0146999
Am062	-0.0540975	-0.140102	0.00202644	0.00738743	0.00552787	-0.0823646	0.0574911	-0.0768966	0.0483606	0.0327388
Am066	-0.0566412	-0.160853	0.0128063	0.0146517	0.00320214	-0.0934383	0.0270077	-0.0493546	0.0194561	0.0275601
Am067	-0.0504509	-0.106977	0.00968955	0.00896584	0.0060697	-0.0634142	0.0342013	-0.0417311	-0.0504108	-0.0253379
Am068	-0.0553531	-0.130596	0.013755	0.0142375	0.00768523	-0.0730191	0.0346874	-0.0861655	-0.0519366	-0.0220456
Am071	-0.0548581	-0.122353	0.00894272	0.0110303	0.00927563	-0.0644347	0.0344866	-0.0794696	-0.0179205	-0.0128225
Am072	-0.0551903	-0.120203	0.01232	0.00777259	0.0134458	-0.0645967	0.0350891	-0.0296513	0.0069008	0.0151869
Am073	-0.0516637	-0.12942	-0.00377817	0.00472041	0.00330831	-0.0794806	0.0561736	-0.0576246	0.0233193	0.0130241
Am074	-0.0517506	-0.115181	0.0127206	0.00576732	0.0031847	-0.0647323	0.0288897	-0.0310037	-0.0215247	0.00651199
Am076	-0.0518842	-0.12578	0.0140984	0.0145288	0.00308326	-0.0788339	0.0394283	-0.054117	-0.0972841	-0.0324057
Am078	-0.0516306	-0.113676	0.0031593	0.0123767	0.00472784	-0.0690443	0.0405197	-0.0514821	0.0191312	0.0175123
Am079	-0.0526584	-0.11961	0.00684599	0.0126516	0.00680819	-0.0693563	0.0487741	-0.0671544	-0.0205514	-0.0105027
Am081	-0.0519517	-0.117929	0.0110163	0.0071995	0.00351382	-0.0646597	0.0190108	-0.00619895	-0.0317872	0.00551571
Am082	-0.051913	-0.124991	0.00789463	0.010149	0.0063345	-0.0741596	0.0471269	-0.0648669	0.0350573	0.0204775
Am084	-0.0509846	-0.105361	0.0165729	0.00893881	0.00906473	-0.0595056	0.0269536	-0.0271282	-0.0770314	-0.0250161
Am085	-0.0541965	-0.107838	0.0216456	0.0096368	0.00934014	-0.0553327	0.012104	-0.0417204	-0.0723206	-0.0291935
Am087	-0.0557832	-0.163619	0.00371635	0.0166415	-4.23261e-05	-0.0947884	0.0297581	-0.0994562	0.0387418	0.0164441
Am088	-0.0532143	-0.129691	0.00631629	0.00923839	0.00651158	-0.0672564	0.0231954	-0.0506644	0.0678692	0.0242809
Am089	-0.0574351	-0.172327	0.0147002	0.0181811	0.00439394	-0.0991496	0.0394429	-0.111688	0.097448	0.0407877
Am091	-0.0613608	-0.0257929	0.0702131	0.0141736	0.0128421	0.114047	-0.189481	-0.0655557	-0.0767737	-0.0379219
Am092	-0.0601267	-0.0303938	0.0359578	0.00494575	0.0229411	0.0831033	-0.0940893	-0.0243432	0.0284171	-0.00332691
Am093	-0.0523993	-0.00230544	0.0235397	-0.00160633	0.0184775	0.0690643	-0.029879	-0.0182087	0.0122298	0.0062833
Am094	-0.0574299	-0.00861153	0.037257	-0.00308771	0.0269401	0.083994	-0.0766207	0.00985477	-0.00929244	-0.00462531
Am095	-0.0720139	-0.106562	0.0642526	0.0134815	0.0245969	0.0203691	-0.154305	0.239564	0.016715	-0.0155084
Am096	-0.056101	-0.00932548	0.0410345	-0.00319373	0.0172369	0.0826185	-0.0548335	-0.0246734	0.0238194	0.00707291
Am098	-0.0608885	-0.0230144	0.0580148	0.0106441	0.0267857	0.102612	-0.160832	0.00935081	-0.0675081	-0.0423562
Am099	-0.0538551	-0.0146155	0.0243595	0.00102283	0.01154	0.0788083	-0.0556501	-0.036456	-0.00910698	-0.00141707
Am100	-0.053374	-0.00810521	0.0368594	-0.00516583	0.0223568	0.070915	-0.0528283	0.0146778	-0.0118777	0.00042026
Am101	-0.0618916	-0.0221697	0.055458	0.00866142	0.0292571	0.10596	-0.128083	-0.0418566	0.0338162	-0.0121198
Am102	-0.0582982	-0.0146596	0.0518692	0.0111309	0.0333592	0.101375	-0.105922	-0.0707325	0.0108165	-0.0107741
Am103	-0.0528369	-0.00823545	0.0254802	-0.00406024	0.023923	0.0671049	-0.0313195	-0.0102376	0.0288911	0.01139
Am104	-0.0548899	-0.0142561	0.0372282	0.00970407	0.0296079	0.079693	-0.0623734	-0.0413543	0.022572	-0.0033034
Am105	-0.0565744	-0.0135807	0.03526	0.000866981	0.0178352	0.0868539	-0.0806816	-0.0250764	0.0300029	0.00477113
Am106	-0.0574428	-0.0106509	0.0401516	-0.000329439	0.025785	0.0818007	-0.0630224	-0.0104077	0.0147211	0.000182146
Am107	-0.0618213	-0.0260842	0.0614251	0.00718147	0.0220675	0.103108	-0.167868	0.0055406	-0.0475456	-0.0302592
Am108	-0.0554676	-0.00773951	0.0298989	0.000244771	0.023843	0.0839685	-0.0633539	-0.0266012	-0.0170364	-0.0168981
Am109	-0.0570398	-0.015743	0.0342182	-0.00329655	0.0264352	0.0772232	-0.0685496	0.0106102	-0.000360467	-0.000517263
Am110	-0.0529819	-0.00211449	0.017228	-0.00666241	0.0192243	0.0665829	-0.0145306	-0.0209174	0.00967067	0.00640556
Am111	-0.0616879	-0.0172473	0.0521482	0.0033706	0.0246175	0.0998738	-0.097243	-0.0412311	0.0140153	-0.00496903
Am112	-0.0602787	-0.0187264	0.0497695	0.00164456	0.0190506	0.110155	-0.137436	-0.0570855	-0.0323725	-0.0299447
Am113	-0.0644797	-0.0255954	0.0549843	0.000609115	0.0253518	0.109861	-0.128325	-0.0478568	-0.0224672	-0.0197427
Am114	-0.0578292	-0.0162932	0.0373173	-0.00377121	0.0169231	0.0949695	-0.0960042	-0.0237812	-0.0197816	-0.00713864
Am115	-0.0719935	-0.103669	0.0688218	0.012676	0.0259456	0.0194584	-0.160577	0.270136	-0.0119224	-0.0117216
Am116	-0.0571246	-0.0146069	0.0338341	-0.00144093	0.0230365	0.077942	-0.0623876	0.00173492	0.0311209	0.0117059
Am117	-0.0586265	-0.0152606	0.0478481	0.00529189	0.0268221	0.0935645	-0.0852756	-0.0293959	0.0452868	0.011074
Am118	-0.0597725	-0.0225159	0.0459422	0.00620079	0.0183956	0.0980193	-0.118515	-0.0326475	0.0359563	0.0026976
Am119	-0.0587304	-0.0234038	0.0511452	0.00715126	0.0211967	0.0921104	-0.120305	-0.0110583	-0.0347907	-0.0121658
Am121	-0.022131	0.0491176	0.114836	0.0800175	-0.287972	-0.0309358	-0.055458	-0.0342994	-0.460912	-0.330111
Am123	-0.0215198	0.058525	0.114266	0.0846631	-0.247963	-0.0243908	-0.0459355	-0.0456804	0.347406	0.203994
Am124	-0.0236452	0.0465092	0.0599936	0.0449223	-0.17953	-0.0238096	0.0473344	0.000783766	0.0635196	0.0466904
Am125	-0.0248612	0.0562308	0.0705529	0.059068	-0.158108	-0.027789	0.032944	0.0559337	0.171618	0.125627
Am127	-0.0211733	0.0607232	0.0994297	0.0684264	-0.196114	-0.0314858	0.0127553	0.0395816	0.0547907	0.0419325
Am128	-0.0215811	0.049086	0.0706181	0.0504126	-0.19851	-0.0342915	0.0377643	0.021392	-0.0102144	-0.0128948
Am129	-0.0207335	0.0660897	0.117774	0.0746237	-0.225481	-0.0265136	-0.0156885	0.00230909	0.0127255	0.00499446
Am130	-0.0239804	0.0501115	0.0702062	0.0463254	-0.178404	-0.0185912	0.0326394	-0.00522005	0.0242609	0.023043
Am131	-0.0206216	0.0578055	0.118198	0.0871448	-0.280968	-0.0403323	-0.0276337	0.0143179	-0.0681029	-0.0290956
Am132	-0.0219034	0.0594179	0.0897535	0.0646979	-0.205724	-0.017619	-0.00807772	-0.0197409	0.0678504	0.0556742
Am133	-0.0207864	0.0571919	0.092673	0.0609655	-0.200174	-0.0359433	0.0247103	0.0338124	-0.0461074	-0.0180042
Am134	-0.022729	0.0559988	0.0820982	0.0513452	-0.195082	-0.0201729	0.0214918	-0.00504048	-0.0223713	-0.0129957
Am135	-0.0244758	0.0576265	0.111314	0.0684706	-0.23765	-0.0224184	-0.00745403	0.00142581	0.0514291	0.0293512
Am136	-0.0480791	-0.00374015	-0.0107353	-0.0184877	0.0179931	0.0118797	0.040124	0.11002	0.0128031	0.0133844
Am137	-0.0484256	-0.0144694	-0.0165133	-0.0173854	0.0136935	0.00492476	0.036309	0.102916	0.000696039	0.0117515
Am138-1	-0.0335828	-0.028405	-0.0459169	-0.0130125	0.000701571	-0.0632468	0.140186	-0.0842207	0.00121494	0.0116866
Am138-2	-0.0496563	-0.00196435	-0.00514398	-0.0196757	0.0188783	0.0179776	0.0256336	0.102729	-0.0111239	0.0031483
Am139	0.06368	0.0270462	0.0110012	0.0639684	0.0560198	-0.0273074	0.0206735	-0.00433804	-0.0788653	0.0252033
Am140	-0.0529994	-0.123116	0.0140992	0.0103336	0.00407481	-0.0739266	0.0437013	-0.0721967	-0.0290172	-0.0149965
Am141	-0.0520036	-0.129831	0.00283402	0.0106135	0.00617217	-0.0719849	0.0454876	-0.0799889	-0.00293938	-0.00673792
Am142	-0.0508866	-0.120992	0.00613732	0.00621874	0.00169557	-0.0686169	0.0351859	-0.0308462	-0.0280275	0.00445077
Am143	-0.0504047	-0.0987014	-0.000384064	0.00431071	0.00915441	-0.0649507	0.075554	-0.0574285	-0.00839233	-0.00243662
Am144	-0.0539633	-0.131067	0.0103427	0.00762733	0.0110768	-0.067494	0.0296647	-0.062495	0.0209358	0.00234949
Am145	-0.0529761	-0.136943	0.00493442	0.0130083	0.00468517	-0.0807508	0.0387654	-0.0754325	0.0350362	0.00430193
Am146	-0.0515804	-0.120678	0.0129988	0.00961025	0.00347927	-0.071523	0.0352734	-0.0397404	-0.0240252	-0.00437808
Am147	-0.053773	-0.117095	0.00893315	0.00753965	0.00535926	-0.0575889	0.0245295	-0.0729988	-0.0355525	-0.0142136
Am149	-0.0534054	-0.129422	0.00554302	0.00845761	0.00652848	-0.0727491	0.0548549	-0.0844932	0.00186856	0.00115903
Am150	-0.0533557	-0.131776	0.00718101	0.0114143	0.00795205	-0.0708634	0.0282151	-0.0594876	0.012103	0.008857
Am151	-0.0573057	-0.0101647	0.0369397	-0.00061737	0.0226096	0.0829151	-0.0622652	-0.0159771	-0.00638353	-0.012379
Am152	-0.0539749	-0.0152304	0.0329109	0.00481996	0.026782	0.0680422	-0.0478042	-0.0195762	-0.00931283	-0.0114601
Am153	-0.0216021	0.0563976	0.0750518	0.0542982	-0.18423	-0.0335439	0.0492286	0.0224106	0.000234723	0.00567159
Am154	-0.0234272	0.046551	0.0680683	0.0491724	-0.191125	-0.0282282	0.0417369	0.0143383	-0.0340283	-0.0142296
